CODE	NAME	INDUSTRY	SCORE	round(PE)	round(PRICE)	round(GPR)	round(BIPS)	round(SHEQRATIO)	CASHFLOWRATIO	MBRG	EPSG	SEG
600516	方大炭素	矿物制品	5767	13	28	77	5	73	101.6735	248.6204	5175	66.255
600867	通化东宝	生物制药	4792	55	27	75	1	95	549.291	24.7467	6.5217	14.9428
000688	建新矿业	铅锌	3967	26	9	58	1	92	336.8924	11.3199	76.0194	24.111
600581	八一钢铁	普钢	3670	8	12	14	22	18	17.446	69.4351	3075	52.0256
002127	南极电商	互联网	3477	46	16	70	1	80	91.1854	89.2172	70	96.898
600971	恒源煤电	煤炭开采	3439	7	8	41	7	49	53.6436	41.3041	2650	22.0014
002222	福晶科技	元器件	3418	55	18	60	1	89	185.2727	47.2319	94.2249	13.8424
000717	韶钢松山	普钢	3303	5	5	13	11	21	31.4083	86.3488	2500.25	548.3351
002294	信立泰	化学制药	3269	25	35	81	4	90	254.3534	8.355	4.5113	12.9211
002889	东方嘉盛	仓储物流	3179	30	30	2	73	19	3.4936	47.5333	14.9425	68.0339
600050	中国联通	电信运营	3175	34	1	25	9	54	37.8022	0.2306	157.5342	74.6952
603387	基蛋生物	生物制药	3162	37	64	82	4	91	171.7664	32.3748	22.8571	236.2253
002925	盈趣科技	元器件	3131	47	121	49	9	65	112.9197	98.2027	121.3675	98.8122
603040	新坐标	机械基件	3128	37	69	64	4	88	137.1945	71.2937	48.7805	108.6542
002320	海峡股份	水运	3112	30	14	42	2	92	214.2726	30.0862	21.6216	52.1358
600362	江西铜业	铜	3047	37	17	4	59	51	7.096	1.3537	100	2.0056
603283	赛腾股份	专用机械	2997	48	38	49	4	63	44.4305	69.5129	100	97.1174
603025	大豪科技	电脑设备	2992	35	10	52	2	91	109.4907	53.2989	66.0377	25.2986
002466	天齐锂业	小金属	2976	29	56	70	6	60	122.3297	40.0935	25.974	97.5397
600104	上汽集团	汽车整车	2965	11	32	13	73	38	6.2155	14.9739	1.929	17.4105
600781	辅仁药业	中成药	2965	32	30	40	9	47	11.9568	1070.2094	840	1146.0054
002164	宁波东力	电气设备	2920	59	17	3	18	21	0.0714	2399.8365	866.6667	212.7938
603225	新凤鸣	化纤	2914	13	35	12	38	59	51.5056	31.3915	87.0504	111.0714
600009	上海机场	机场	2914	25	47	50	4	92	199.8993	15.9808	30.8219	12.7174
002555	三七互娱	互联网	2909	20	15	69	3	80	120.6533	17.9298	48.1481	55.1125
603638	艾迪精密	专用机械	2871	35	29	43	4	86	105.9391	60.3079	34.7631	66.6077
002912	中新赛克	软件服务	2842	65	168	79	7	70	43.0272	44.9326	27.8607	95.0263
000661	长春高新	生物制药	2827	51	200	82	24	71	19.3236	41.5823	26.2987	13.4877
000703	恒逸石化	化纤	2821	21	21	4	39	48	13.926	98.2886	63.9344	9.5367
002346	柘中股份	电气设备	2818	23	1	27	1	86	2.5854	7.4386	1080	28.6403
600338	西藏珠峰	铅锌	2812	23	40	73	4	53	87.0915	67.0234	71.2593	31.3081
002680	长生生物	生物制药	2803	40	23	87	2	86	86.6099	52.6043	32.9911	8.18
002038	双鹭药业	生物制药	2779	54	42	71	2	94	152.493	22.9964	18.0276	9.6016
600585	海螺水泥	水泥	2777	11	34	35	14	75	82.2335	34.6473	85.7143	16.7048
002677	浙江美大	家用电器	2728	42	20	54	2	78	123.438	54.1812	50	13.6709
603568	伟明环保	环境保护	2726	31	23	61	1	59	143.979	48.5146	54.1667	20.2158
000951	中国重汽	汽车整车	2706	10	14	10	56	24	4.3402	76.6675	116.129	15.1884
603848	好太太	家居用品	2694	40	23	40	3	80	107.8531	37.745	35.7143	78.1456
000886	海南高速	路桥	2679	41	4	47	1	84	81.7078	66.1853	48.4375	2.7782
600710	苏美达	工程机械	2670	26	7	6	57	17	13.3571	47.6613	35	7.4334
000568	泸州老窖	白酒	2669	36	65	72	7	78	84.571	25.1791	30.7636	37.5408
603383	顶点软件	软件服务	2668	54	73	79	3	81	47.5972	19.0941	20.5357	98.7005
603043	广州酒家	食品	2664	22	20	53	5	81	102.8729	13.0756	19.7467	80.5423
603516	淳中科技	通信设备	2662	55	72	74	4	88	133.7685	14.2383	11.1111	20.7979
600763	通策医疗	医疗保健	2649	64	43	41	4	61	160.999	34.2486	61.9048	21.3916
002833	弘亚数控	专用机械	2641	31	55	38	6	84	131.1138	53.6045	12.9032	32.6673
603306	华懋科技	汽车配件	2627	20	25	43	4	89	148.4057	11.2229	1.6	65.0079
600787	中储股份	仓储物流	2623	15	9	2	12	58	130.528	67.55	74.2906	12.7686
600309	万华化学	化工原料	2622	9	37	40	19	47	36.7078	76.4898	140.5882	84.0528
600252	中恒集团	中成药	2622	22	4	81	1	82	83.528	22.6128	21.4286	5.098
603517	绝味食品	食品	2605	34	42	36	9	81	107.698	17.5931	18.8679	75.5075
600507	方大特钢	特种钢	2599	9	17	32	11	60	75.7202	56.2651	284	83.8033
603113	金能科技	化工原料	2596	18	19	19	10	73	62.0379	56.9623	50	75.4792
002110	三钢闽光	普钢	2592	6	18	26	16	70	71.7494	59.0922	195.9184	50.8802
000631	顺发恒业	区域地产	2583	6	2	22	3	45	41.3536	83.7994	93.75	9.1126
603338	浙江鼎力	专用机械	2581	41	71	42	6	79	72.9013	63.9922	60.1852	102.8454
603223	恒通股份	供气供热	2576	49	25	7	34	59	45.7918	88.9107	8.3333	8.3224
000938	紫光股份	软件服务	2571	54	81	22	37	68	2.406	41.0013	41.612	5.6398
000786	北新建材	其他建材	2548	18	23	37	6	78	91.6348	36.8837	65.3216	19.6582
600566	济川药业	中成药	2547	22	34	85	7	66	79.6974	20.6101	29.0598	20.3556
002322	理工环科	环境保护	2546	26	18	65	2	90	43.3674	22.4901	84.2105	5.3723
000513	丽珠集团	中成药	2544	27	218	64	15	71	29.8312	11.4901	308.5859	65.5819
000799	酒鬼酒	白酒	2538	30	16	78	3	79	42.4689	34.127	62.1783	7.5252
603167	渤海轮渡	水运	2535	14	10	33	3	76	139.2451	23.3753	63.0383	8.3074
002884	凌霄泵业	专用机械	2532	22	63	30	13	92	135.4172	20.6634	10.4651	107.2115
601003	柳钢股份	普钢	2531	7	8	9	16	31	30.0021	55.9345	1247.9112	55.3257
002233	塔牌集团	水泥	2528	9	7	30	4	84	61.8575	25.7612	50.3841	74.8869
603658	安图生物	医疗保健	2505	59	63	67	3	77	112.6369	42.8391	19.1011	1.3596
603818	曲美家居	家居用品	2502	27	2	39	4	78	60.0957	26.0494	34.2105	15.0487
