=====================获取价值投资票===============================
CODE	NAME	DATE	NET	VOL	SCORE
000035	中国天楹	20181002	-7185.17	-156539.651416122	1671
000035	中国天楹	20181004	-7185.17	-156539.651416122	1671
000035	中国天楹	20181005	-7185.17	-156539.651416122	1671
000035	中国天楹	20181008	-7185.17	-159316.40798226165	1675
000035	中国天楹	20181009	-7185.17	-160742.0581655481	1678
000035	中国天楹	20181010	-7185.17	-155860.52060737528	1786
000035	中国天楹	20181011	-7185.17	-168270.96018735366	1690
000156	华数传媒	20181002	-479.39	-5380.359147025813	1625
000156	华数传媒	20181003	-479.39	-5380.359147025813	1625
000156	华数传媒	20181004	-479.39	-5380.359147025813	1625
000156	华数传媒	20181005	-479.39	-5380.359147025813	1625
000156	华数传媒	20181008	-479.39	-5392.463442069741	1625
000156	华数传媒	20181009	-479.39	-5460.02277904328	1627
000156	华数传媒	20181010	-479.39	-5453.811149032992	1627
000156	华数传媒	20181011	-479.39	-5803.753026634383	1637
000156	华数传媒	20181012	-479.39	-5810.787878787879	1638
000510	金路集团	20181004	-7302.68	-158753.91304347827	1518
000661	长春高新	20181002	-23475.54	-9905.291139240506	3058
000661	长春高新	20181003	-23475.54	-9905.291139240506	3058
000661	长春高新	20181004	-23475.54	-9905.291139240506	3058
000661	长春高新	20181005	-23475.54	-9905.291139240506	3058
000661	长春高新	20181008	-23475.54	-10318.918681318683	3060
000661	长春高新	20181009	-23475.54	-10235.237181723054	3060
000661	长春高新	20181010	-23475.54	-10419.680426098534	3060
000661	长春高新	20181011	-23475.54	-11577.42269566504	3064
000661	长春高新	20181012	-23475.54	-12864.014466546112	3068
000813	德展健康	20181002	-6657.45	-83952.71122320303	2579
000813	德展健康	20181003	-6657.45	-83952.71122320303	2579
000813	德展健康	20181004	-6657.45	-83952.71122320303	2579
000813	德展健康	20181005	-6657.45	-83952.71122320303	2579
000813	德展健康	20181008	-6657.45	-84378.32699619772	2580
000813	德展健康	20181009	-6657.45	-84271.51898734177	2579
000813	德展健康	20181010	-6657.45	-84271.51898734177	2611
000813	德展健康	20181011	-6657.45	-84271.51898734177	2579
000813	德展健康	20181012	-6657.45	-84485.40609137056	2580
000910	大亚圣象	20181002	-9041.46	-73807.83673469386	1511
000910	大亚圣象	20181004	-9041.46	-73807.83673469386	1511
000910	大亚圣象	20181005	-9041.46	-73807.83673469386	1511
000910	大亚圣象	20181008	-9041.46	-78281.03896103895	1519
000910	大亚圣象	20181009	-9041.46	-79311.05263157893	1521
000910	大亚圣象	20181010	-9041.46	-80297.15808170514	1523
000910	大亚圣象	20181011	-9041.46	-85377.33711048157	1590
000910	大亚圣象	20181012	-9041.46	-88641.76470588235	1538
002007	华兰生物	20181002	-27057.02	-71390.55408970977	2615
002007	华兰生物	20181003	-27057.02	-71390.55408970977	2615
002007	华兰生物	20181004	-27057.02	-71390.55408970977	2615
002007	华兰生物	20181005	-27057.02	-71390.55408970977	2615
002007	华兰生物	20181008	-27057.02	-73325.25745257453	2617
002007	华兰生物	20181009	-27057.02	-72248.38451268357	2616
002007	华兰生物	20181010	-27057.02	-75472.85913528591	2618
002007	华兰生物	20181011	-27057.02	-77327.86510431551	2619
002007	华兰生物	20181012	-27057.02	-76002.86516853933	2619
002035	华帝股份	20181002	-1031.68	-9910.4707012488	1829
002035	华帝股份	20181003	-1031.68	-9910.4707012488	1829
002035	华帝股份	20181004	-1031.68	-9910.4707012488	1829
002035	华帝股份	20181005	-1031.68	-9910.4707012488	1829
002035	华帝股份	20181008	-1031.68	-10484.552845528457	1837
002035	华帝股份	20181009	-1031.68	-10527.34693877551	1837
002035	华帝股份	20181010	-1031.68	-10690.984455958549	1840
002035	华帝股份	20181011	-1031.68	-11463.111111111113	1850
002035	华帝股份	20181012	-1031.68	-11213.913043478264	1847
002038	双鹭药业	20181002	-16161.86	-50254.53980099503	3032
002038	双鹭药业	20181003	-16161.86	-50254.53980099503	3031
002038	双鹭药业	20181004	-16161.86	-50254.53980099503	3031
002038	双鹭药业	20181005	-16161.86	-50254.53980099503	3031
002038	双鹭药业	20181008	-16161.86	-53041.8772563177	3034
002038	双鹭药业	20181009	-16161.86	-54380.41722745626	3037
002038	双鹭药业	20181010	-16161.86	-54878.98132427844	3038
002038	双鹭药业	20181011	-16161.86	-60148.343877930776	3045
002038	双鹭药业	20181012	-16161.86	-58920.37914691943	3041
002225	濮耐股份	20181002	-3506.93	-75256.00858369099	1589
002225	濮耐股份	20181003	-3506.93	-75256.00858369099	1589
002225	濮耐股份	20181004	-3506.93	-75256.00858369099	1589
002225	濮耐股份	20181005	-3506.93	-75256.00858369099	1589
002225	濮耐股份	20181008	-3506.93	-75907.57575757575	1591
002225	濮耐股份	20181009	-3506.93	-75743.62850971923	1591
002225	濮耐股份	20181010	-3506.93	-76738.07439824945	1594
002225	濮耐股份	20181011	-3506.93	-78807.41573033707	1602
002225	濮耐股份	20181012	-3506.93	-78984.9099099099	1602
002243	通产丽星	20181002	-6342.2	-93405.00736377024	1512
002243	通产丽星	20181004	-6342.2	-93405.00736377024	1512
002243	通产丽星	20181005	-6342.2	-93405.00736377024	1561
002243	通产丽星	20181008	-6342.2	-96827.48091603054	1518
002243	通产丽星	20181009	-6342.2	-94097.92284866468	1513
002243	通产丽星	20181011	-6342.2	-103125.20325203252	1584
002243	通产丽星	20181012	-6342.2	-104141.21510673236	1532
002468	申通快递	20181002	-19734.61	-100738.18274629914	1716
002468	申通快递	20181003	-19734.61	-100738.18274629914	1716
002468	申通快递	20181004	-19734.61	-100738.18274629914	1716
002468	申通快递	20181005	-19734.61	-100738.18274629914	1716
002468	申通快递	20181008	-19734.61	-107020.66160520609	1722
002468	申通快递	20181009	-19734.61	-106789.01515151515	1722
002468	申通快递	20181010	-19734.61	-106214.26264800862	1721
002468	申通快递	20181011	-19734.61	-112256.02957906712	1728
002468	申通快递	20181012	-19734.61	-106386.03773584905	1722
002605	姚记扑克	20181002	-386.56	-5506.552706552707	1668
002605	姚记扑克	20181003	-386.56	-5506.552706552707	1614
002605	姚记扑克	20181004	-386.56	-5506.552706552707	1668
002605	姚记扑克	20181005	-386.56	-5506.552706552707	1614
002605	姚记扑克	20181008	-386.56	-5883.713850837138	1684
002605	姚记扑克	20181009	-386.56	-5865.857359635812	1625
002605	姚记扑克	20181010	-386.56	-5651.461988304093	1618
002605	姚记扑克	20181012	-386.56	-6337.049180327869	1640
002737	葵花药业	20181002	-7712.18	-43424.43693693693	1914
002737	葵花药业	20181003	-7712.18	-43424.43693693693	1914
002737	葵花药业	20181004	-7712.18	-43424.43693693693	1914
002737	葵花药业	20181005	-7712.18	-43424.43693693693	1904
002737	葵花药业	20181008	-7712.18	-45285.848502642395	1918
002737	葵花药业	20181010	-7712.18	-45715.35269709544	1919
002737	葵花药业	20181011	-7712.18	-48534.80176211454	1925
002737	葵花药业	20181012	-7712.18	-46968.20950060901	1911
002770	科迪乳业	20181002	-1295.1	-40726.41509433962	1528
002770	科迪乳业	20181003	-1295.1	-40726.41509433962	1528
002770	科迪乳业	20181004	-1295.1	-40726.41509433962	1528
002770	科迪乳业	20181005	-1295.1	-40726.41509433962	1528
002770	科迪乳业	20181008	-1295.1	-42185.667752443	1540
002770	科迪乳业	20181009	-1295.1	-41912.6213592233	1538
002770	科迪乳业	20181010	-1295.1	-42185.667752443	1540
002770	科迪乳业	20181011	-1295.1	-46419.354838709674	1576
002821	凯莱英	20181002	-5011.5	-6942.097243385511	2300
002821	凯莱英	20181003	-5011.5	-6942.097243385511	2303
002821	凯莱英	20181004	-5011.5	-6942.097243385511	2300
002821	凯莱英	20181005	-5011.5	-6942.097243385511	2300
002821	凯莱英	20181008	-5011.5	-7266.202696824706	2301
002821	凯莱英	20181009	-5011.5	-7569.098323516086	2303
002821	凯莱英	20181010	-5011.5	-7561.104405552203	2302
002821	凯莱英	20181011	-5011.5	-7972.478523703468	2304
002821	凯莱英	20181012	-5011.5	-7581.694402420575	2303
002864	盘龙药业	20181002	-1348.38	-3402.422407267222	2343
002864	盘龙药业	20181003	-1348.38	-3402.422407267222	2343
002864	盘龙药业	20181004	-1348.38	-3402.422407267222	2343
002864	盘龙药业	20181005	-1348.38	-3402.422407267222	2343
002864	盘龙药业	20181008	-1348.38	-3567.142857142858	2345
002864	盘龙药业	20181009	-1348.38	-3504.10602910603	2359
002864	盘龙药业	20181010	-1348.38	-3396.423173803527	2342
002864	盘龙药业	20181011	-1348.38	-3765.372800893605	2363
002866	传艺科技	20181002	-3163.4	-27341.400172860845	1618
002866	传艺科技	20181003	-3163.4	-27341.400172860845	1618
002866	传艺科技	20181004	-3163.4	-27341.400172860845	1618
002866	传艺科技	20181005	-3163.4	-27341.400172860845	1618
002866	传艺科技	20181008	-3163.4	-29509.328358208957	1625
002866	传艺科技	20181009	-3163.4	-29075.36764705882	1623
002866	传艺科技	20181010	-3163.4	-28094.138543516874	1620
002866	传艺科技	20181011	-3163.4	-31228.035538005923	1630
002866	传艺科技	20181012	-3163.4	-29843.396226415098	1626
600076	康欣新材	20181002	-13600.54	-301564.0798226164	2116
600076	康欣新材	20181003	-13600.54	-301564.0798226164	2116
600076	康欣新材	20181004	-13600.54	-301564.0798226164	2116
600076	康欣新材	20181005	-13600.54	-301564.0798226164	2116
600076	康欣新材	20181008	-13600.54	-316291.6279069768	2132
600076	康欣新材	20181009	-13600.54	-328515.45893719816	2146
600076	康欣新材	20181010	-13600.54	-326152.0383693046	2143
600076	康欣新材	20181011	-13600.54	-350529.381443299	2170
600076	康欣新材	20181012	-13600.54	-356969.5538057743	2178
600227	圣济堂	20181002	-31389.51	-948323.5649546827	4138
600227	圣济堂	20181003	-31389.51	-948323.5649546827	4191
600227	圣济堂	20181004	-31389.51	-948323.5649546827	4138
600227	圣济堂	20181005	-31389.51	-948323.5649546827	4138
600227	圣济堂	20181008	-31389.51	-980922.1874999999	4150
600227	圣济堂	20181009	-31389.51	-977866.3551401868	4149
600227	圣济堂	20181010	-31389.51	-962868.4049079755	4144
600227	圣济堂	20181011	-31389.51	-1071314.3344709896	4185
600227	圣济堂	20181012	-31389.51	-1113103.1914893617	4201
600812	华北制药	20181002	-486.66	-10672.368421052633	1611
600812	华北制药	20181003	-486.66	-10672.368421052633	1611
600812	华北制药	20181004	-486.66	-10672.368421052633	1611
600812	华北制药	20181005	-486.66	-10672.368421052633	1611
600812	华北制药	20181008	-486.66	-11110.95890410959	1620
600812	华北制药	20181009	-486.66	-10936.1797752809	1616
600812	华北制药	20181010	-486.66	-11136.384439359268	1621
600812	华北制药	20181011	-486.66	-12046.039603960397	1640
600812	华北制药	20181012	-486.66	-12075.930521091812	1640
601113	华鼎股份	20181008	-1119.76	-16491.310751104567	1588
601113	华鼎股份	20181011	-1119.76	-16863.85542168675	1595
603707	健友股份	20181002	-5991.74	-26153.38280226975	2376
603707	健友股份	20181003	-5991.74	-26153.38280226975	2376
603707	健友股份	20181004	-5991.74	-26153.38280226975	2376
603707	健友股份	20181005	-5991.74	-26153.38280226975	2376
603707	健友股份	20181008	-5991.74	-27161.1060743427	2379
603707	健友股份	20181009	-5991.74	-30185.088161209063	2388
603707	健友股份	20181010	-5991.74	-31990.069407367853	2394
603707	健友股份	20181011	-5991.74	-32563.804347826088	2396
603707	健友股份	20181012	-5991.74	-30997.102948784275	2391
=====================获取新低票===============================
code	name
000426	兴业矿业
000058	深 赛 格
000403	ST生化
000009	中国宝安
000050	深天马Ａ
000420	吉林化纤
